//
//  SampleGeoJson.txt
//  SkyAware
//
//  Created by Justin Rooks on 8/8/25.
//

{
  "type": "FeatureCollection",
  "features": [
    {
      "type": "Feature",
      "geometry": {
        "type": "MultiPolygon",
        "coordinates": [
          [
            [
              [
                -82.2317848410758,
                42.76866340668297
              ],
              [
                -82.304,
                42.546
              ],
              [
                -82.518,
                42.326
              ],
              [
                -82.69,
                42.224
              ],
              [
                -82.863,
                42.181
              ],
              [
                -82.903,
                42.063
              ],
              [
                -82.863,
                41.98
              ],
              [
                -82.808,
                41.911
              ],
              [
                -82.689,
                41.863
              ],
              [
                -82.459,
                41.878
              ],
              [
                -81.764,
                42.178
              ],
              [
                -81.56569840028439,
                42.27399061500178
              ],
              [
                -81.02,
                40.9
              ],
              [
                -82.09,
                40.28
              ],
              [
                -82.36,
                39.1
              ],
              [
                -82.57,
                37.68
              ],
              [
                -82.47,
                37.31
              ],
              [
                -80.88,
                36.16
              ],
              [
                -79.26,
                35.52
              ],
              [
                -76.3205488981478,
                34.349346508855376
              ],
              [
                -76.54,
                34.248
              ],
              [
                -76.776,
                34.354
              ],
              [
                -76.936,
                34.358
              ],
              [
                -77.521,
                34.032
              ],
              [
                -77.684,
                33.615
              ],
              [
                -77.95,
                33.516
              ],
              [
                -78.163,
                33.577
              ],
              [
                -78.569,
                33.483
              ],
              [
                -78.808,
                33.309
              ],
              [
                -78.931,
                32.928
              ],
              [
                -79.294,
                32.69
              ],
              [
                -79.725,
                32.427
              ],
              [
                -80.061,
                32.203
              ],
              [
                -80.21,
                32.07
              ],
              [
                -80.436,
                31.966
              ],
              [
                -80.764,
                31.633
              ],
              [
                -81.09,
                30.74
              ],
              [
                -80.989,
                30.128
              ],
              [
                -80.765,
                29.498
              ],
              [
                -80.349,
                28.83
              ],
              [
                -80.197,
                28.552
              ],
              [
                -80.271,
                28.232
              ],
              [
                -79.788,
                27.148
              ],
              [
                -79.7,
                26.777
              ],
              [
                -79.766,
                26.228
              ],
              [
                -79.812,
                25.576
              ],
              [
                -79.965,
                25.158
              ],
              [
                -80.143,
                24.859
              ],
              [
                -80.331,
                24.705
              ],
              [
                -80.635,
                24.487
              ],
              [
                -81.054,
                24.361
              ],
              [
                -81.782,
                24.208
              ],
              [
                -82.816,
                24.169
              ],
              [
                -83.288,
                24.221
              ],
              [
                -83.28,
                24.513
              ],
              [
                -83.238,
                24.798
              ],
              [
                -83.163,
                25.012
              ],
              [
                -82.313,
                25.017
              ],
              [
                -82.368,
                25.134
              ],
              [
                -82.51,
                25.288
              ],
              [
                -82.632,
                25.453
              ],
              [
                -81.934,
                25.61
              ],
              [
                -82.143,
                26.09
              ],
              [
                -82.324,
                26.171
              ],
              [
                -82.535,
                26.48
              ],
              [
                -82.719,
                26.892
              ],
              [
                -83.105,
                27.532
              ],
              [
                -83.07,
                27.615
              ],
              [
                -83.183,
                27.781
              ],
              [
                -83.185,
                28.105
              ],
              [
                -83.156,
                28.373
              ],
              [
                -83.014,
                28.465
              ],
              [
                -82.99,
                28.551
              ],
              [
                -83.026,
                28.753
              ],
              [
                -83.273,
                28.827
              ],
              [
                -83.421,
                29.093
              ],
              [
                -83.625,
                29.29
              ],
              [
                -83.895,
                29.642
              ],
              [
                -84.073,
                29.73
              ],
              [
                -84.171,
                29.626
              ],
              [
                -84.467,
                29.438
              ],
              [
                -85.018,
                29.246
              ],
              [
                -85.336,
                29.335
              ],
              [
                -85.675,
                29.436
              ],
              [
                -85.767,
                29.696
              ],
              [
                -85.985,
                29.876
              ],
              [
                -86.462,
                30.068
              ],
              [
                -87.771,
                29.878
              ],
              [
                -88.406,
                29.863
              ],
              [
                -88.432,
                29.714
              ],
              [
                -88.695,
                29.394
              ],
              [
                -88.581,
                29.249
              ],
              [
                -88.619,
                29.022
              ],
              [
                -88.937,
                28.691
              ],
              [
                -89.175,
                28.63
              ],
              [
                -89.399,
                28.577
              ],
              [
                -89.712,
                28.693
              ],
              [
                -89.828,
                28.916
              ],
              [
                -90.102,
                28.755
              ],
              [
                -90.54,
                28.711
              ],
              [
                -90.745,
                28.711
              ],
              [
                -91.083,
                28.732
              ],
              [
                -91.315,
                28.893
              ],
              [
                -91.556,
                28.983
              ],
              [
                -91.655,
                29.121
              ],
              [
                -91.742,
                29.058
              ],
              [
                -92.079,
                29.114
              ],
              [
                -92.164,
                29.181
              ],
              [
                -92.629,
                29.233
              ],
              [
                -93.243,
                29.441
              ],
              [
                -93.588,
                29.43
              ],
              [
                -93.777,
                29.35
              ],
              [
                -93.961,
                29.348
              ],
              [
                -94.266,
                29.222
              ],
              [
                -94.502,
                29.062
              ],
              [
                -94.9,
                28.808
              ],
              [
                -95.134,
                28.597
              ],
              [
                -95.489,
                28.428
              ],
              [
                -96.044,
                28.182
              ],
              [
                -96.147,
                28.055
              ],
              [
                -96.427,
                27.94
              ],
              [
                -96.796,
                27.579
              ],
              [
                -97.017,
                27.081
              ],
              [
                -96.876,
                26.595
              ],
              [
                -96.749,
                25.948
              ],
              [
                -97.075,
                25.799
              ],
              [
                -97.23,
                25.659
              ],
              [
                -97.68,
                25.837
              ],
              [
                -98.218,
                25.934
              ],
              [
                -98.509,
                26.039
              ],
              [
                -99.103,
                26.254
              ],
              [
                -99.357,
                26.519
              ],
              [
                -99.489,
                26.804
              ],
              [
                -99.612,
                27.039
              ],
              [
                -99.697,
                27.291
              ],
              [
                -99.724,
                27.496
              ],
              [
                -99.90321501238734,
                27.62692910231406
              ],
              [
                -97.56,
                29.63
              ],
              [
                -93.96,
                30.74
              ],
              [
                -91.95,
                32.51
              ],
              [
                -91.84,
                34.11
              ],
              [
                -90.59,
                36.84
              ],
              [
                -89.97,
                40.17
              ],
              [
                -88.43,
                40.79
              ],
              [
                -87.65,
                40.84
              ],
              [
                -85.64,
                40.97
              ],
              [
                -84.65,
                41.56
              ],
              [
                -84.77,
                42.8
              ],
              [
                -83.55,
                43.26
              ],
              [
                -82.66,
                43.07
              ],
              [
                -82.2317848410758,
                42.76866340668297
              ]
            ],
            [
              [
                -88.74,
                35.66
              ],
              [
                -89.26,
                34.44
              ],
              [
                -89.85,
                33.22
              ],
              [
                -89.4,
                32.5
              ],
              [
                -89.29,
                32.43
              ],
              [
                -88.35,
                31.96
              ],
              [
                -87.26,
                32.16
              ],
              [
                -86.23,
                32.6
              ],
              [
                -85.16,
                33.6
              ],
              [
                -84.47,
                34.89
              ],
              [
                -84.32,
                35.16
              ],
              [
                -84.86,
                36.25
              ],
              [
                -87.06,
                36.45
              ],
              [
                -88.74,
                35.66
              ]
            ]
          ],
          [
            [
              [
                -108.987,
                49.202
              ],
              [
                -107.292,
                49.194
              ],
              [
                -105.669,
                49.171
              ],
              [
                -103.614,
                49.188
              ],
              [
                -101.067,
                49.197
              ],
              [
                -99.664,
                49.183
              ],
              [
                -98.264,
                49.18
              ],
              [
                -96.747,
                49.197
              ],
              [
                -95.911,
                49.174
              ],
              [
                -95.453,
                49.167
              ],
              [
                -95.49,
                49.561
              ],
              [
                -94.579,
                49.541
              ],
              [
                -94.395,
                48.962
              ],
              [
                -93.805,
                48.857
              ],
              [
                -93.513,
                48.786
              ],
              [
                -93.223,
                48.834
              ],
              [
                -92.58502255828841,
                48.71311077522201
              ],
              [
                -92.53,
                44.61
              ],
              [
                -92.85,
                41.95
              ],
              [
                -93.74,
                40.48
              ],
              [
                -94.7,
                39.51
              ],
              [
                -96.78,
                38.24
              ],
              [
                -98.7,
                38.48
              ],
              [
                -100.58,
                38.95
              ],
              [
                -101.88,
                39.28
              ],
              [
                -102.09,
                39.69
              ],
              [
                -102.81,
                41.78
              ],
              [
                -105.33,
                42.53
              ],
              [
                -106.24,
                43.94
              ],
              [
                -106.06,
                44.8
              ],
              [
                -106.8,
                45.59
              ],
              [
                -108.35,
                45.87
              ],
              [
                -110.36,
                45.96
              ],
              [
                -113.32,
                47.41
              ],
              [
                -115.17,
                48.85
              ],
              [
                -116.61486845021369,
                49.220979737217036
              ],
              [
                -116.063,
                49.223
              ],
              [
                -114.53,
                49.22
              ],
              [
                -113.003,
                49.227
              ],
              [
                -111.288,
                49.211
              ],
              [
                -109.98,
                49.207
              ],
              [
                -109.426,
                49.192
              ],
              [
                -108.987,
                49.202
              ]
            ]
          ],
          [
            [
              [
                -79.56895056374675,
                42.78163920208153
              ],
              [
                -79.514,
                42.795
              ],
              [
                -79.252,
                42.966
              ],
              [
                -79.373,
                43.553
              ],
              [
                -78.632,
                43.794
              ],
              [
                -77.319,
                43.789
              ],
              [
                -76.955,
                43.791
              ],
              [
                -76.557,
                44.256
              ],
              [
                -75.977,
                44.604
              ],
              [
                -75.603,
                44.874
              ],
              [
                -74.881,
                45.189
              ],
              [
                -71.77630314137313,
                45.17137636598698
              ],
              [
                -71.16,
                43.52
              ],
              [
                -72.17,
                41.88
              ],
              [
                -73.71,
                41.43
              ],
              [
                -78.45,
                42.16
              ],
              [
                -79.56895056374675,
                42.78163920208153
              ]
            ]
          ],
          [
            [
              [
                -109.01671375464684,
                31.12763717472119
              ],
              [
                -109.094,
                31.123
              ],
              [
                -109.962,
                31.131
              ],
              [
                -110.773,
                31.148
              ],
              [
                -111.169,
                31.194
              ],
              [
                -112.25,
                31.509
              ],
              [
                -112.66268444268829,
                31.636986215857842
              ],
              [
                -111.83,
                32.92
              ],
              [
                -111.28,
                35.79
              ],
              [
                -110.78999999999999,
                36.49
              ],
              [
                -109.71000000000001,
                36.81
              ],
              [
                -108.12,
                36.46
              ],
              [
                -107.57,
                35.86
              ],
              [
                -107.57,
                34.97
              ],
              [
                -109,
                33.29
              ],
              [
                -109.22,
                31.48
              ],
              [
                -109.01671375464684,
                31.12763717472119
              ]
            ]
          ],
          [
            [
              [
                -103.63336294924584,
                28.981012591117945
              ],
              [
                -104.191,
                29.275
              ],
              [
                -104.636,
                29.554
              ],
              [
                -104.879,
                29.863
              ],
              [
                -104.926,
                30.211
              ],
              [
                -105.115,
                30.476
              ],
              [
                -105.3298085362401,
                30.627681129671576
              ],
              [
                -104.23,
                32.2
              ],
              [
                -104.22,
                32.64
              ],
              [
                -104.14,
                33.82
              ],
              [
                -103.69,
                35.58
              ],
              [
                -102.72,
                37.34
              ],
              [
                -102.01,
                37.65
              ],
              [
                -101.18,
                37.16
              ],
              [
                -101.13,
                35.52
              ],
              [
                -101.32,
                34.19
              ],
              [
                -101.63,
                33.41
              ],
              [
                -102.49,
                32.43
              ],
              [
                -103.63336294924584,
                28.981012591117945
              ]
            ]
          ],
          [
            [
              [
                -89.68984355876353,
                48.227330142789896
              ],
              [
                -89.521,
                48.207
              ],
              [
                -88.425,
                48.56
              ],
              [
                -87.08,
                48.027
              ],
              [
                -86.53532729015704,
                47.80416169960809
              ],
              [
                -86.89,
                46.34
              ],
              [
                -88.54,
                45.64
              ],
              [
                -89.7,
                46.15
              ],
              [
                -90.16,
                47.28
              ],
              [
                -89.68984355876353,
                48.227330142789896
              ]
            ]
          ]
        ]
      },
      "properties": {
        "DN": 2,
        "VALID": "202508052000",
        "EXPIRE": "202508061200",
        "ISSUE": "202508051954",
        "LABEL": "TSTM",
        "LABEL2": "General Thunderstorms Risk",
        "stroke": "#55BB55",
        "fill": "#C1E9C1"
      }
    },
    {
      "type": "Feature",
      "geometry": {
        "type": "MultiPolygon",
        "coordinates": [
          [
            [
              [
                -106.16411370333604,
                49.17801639875338
              ],
              [
                -105.669,
                49.171
              ],
              [
                -103.614,
                49.188
              ],
              [
                -101.067,
                49.197
              ],
              [
                -99.664,
                49.183
              ],
              [
                -98.264,
                49.18
              ],
              [
                -97.33566257589604,
                49.19040325392866
              ],
              [
                -96.46,
                48.47
              ],
              [
                -95,
                46.42
              ],
              [
                -94.69,
                45.39
              ],
              [
                -94.29,
                44.05
              ],
              [
                -95.1,
                41
              ],
              [
                -95.62,
                40.41
              ],
              [
                -96.51,
                40.34
              ],
              [
                -97.69,
                40.77
              ],
              [
                -98.36,
                41.27
              ],
              [
                -100.04,
                41.77
              ],
              [
                -104.3,
                42.49
              ],
              [
                -105.22,
                43.32
              ],
              [
                -105.43,
                44.14
              ],
              [
                -104.95,
                45.35
              ],
              [
                -104.81,
                46.24
              ],
              [
                -106.16411370333604,
                49.17801639875338
              ]
            ]
          ]
        ]
      },
      "properties": {
        "DN": 3,
        "VALID": "202508052000",
        "EXPIRE": "202508061200",
        "ISSUE": "202508051954",
        "LABEL": "MRGL",
        "LABEL2": "Marginal Risk",
        "stroke": "#005500",
        "fill": "#66A366"
      }
    },
    {
      "type": "Feature",
      "geometry": {
        "type": "MultiPolygon",
        "coordinates": [
          [
            [
              [
                -100.79,
                42.97
              ],
              [
                -102.5,
                43.1
              ],
              [
                -103.4,
                43.54
              ],
              [
                -104,
                44.5
              ],
              [
                -103.93,
                45.21
              ],
              [
                -103.57,
                46.42
              ],
              [
                -103.33,
                47.23
              ],
              [
                -102.98,
                47.76
              ],
              [
                -101.98,
                48.21
              ],
              [
                -100.36,
                48.18
              ],
              [
                -99.09,
                47.84
              ],
              [
                -98,
                47.36
              ],
              [
                -97.08,
                45.43
              ],
              [
                -97.12,
                43.65
              ],
              [
                -97.48,
                43.06
              ],
              [
                -98.35,
                42.88
              ],
              [
                -100.79,
                42.97
              ]
            ]
          ]
        ]
      },
      "properties": {
        "DN": 4,
        "VALID": "202508052000",
        "EXPIRE": "202508061200",
        "ISSUE": "202508051954",
        "LABEL": "SLGT",
        "LABEL2": "Slight Risk",
        "stroke": "#DDAA00",
        "fill": "#FFE066"
      }
    }
  ]
}
